test/data/cas1/cas2Mnt.asc
NCOLS 524
NROWS 502
XLLCORNER 424162
YLLCORNER 242575
CELLSIZE 10
NODATA_VALUE -9999
[rows 116 to 144 of 502, columns 325 to 389 of 524]
25.956176 26.032521 26.108867 26.185212 26.261558 26.337903 26.414249 26.490594 26.56694 26.643285 26.719631 26.795976 26.872322 26.948667 27.025013 27.101358 27.177704 27.189136 27.191079 27.306365 27.421651 27.536938 27.652224 27.767511 27.882797 27.998083 28.11337 28.228656 28.343943 28.459229 28.574515 28.689802 28.805088 28.920375 29.035661 29.150947 29.266234 29.38152 29.496806 29.612093 29.727379 29.842666 29.957952 30.073238 30.188525 30.303811 30.419098 30.534384 30.64967 30.741675 30.723555 30.705435 30.687315 30.669195 30.651075 30.632955 30.614835 30.596715 30.578595 30.560475 30.542355 30.524235 30.506116 30.487996 30.469876
25.802217 25.878563 25.954908 26.031253 26.107599 26.183944 26.26029 26.336635 26.412981 26.489326 26.565672 26.642017 26.718363 26.794708 26.871054 26.947399 27.021132 27.020542 27.037133 27.152419 27.267706 27.382992 27.498279 27.613565 27.728851 27.844138 27.959424 28.074711 28.189997 28.305283 28.42057 28.535856 28.651143 28.766429 28.881715 28.997002 29.112288 29.227574 29.342861 29.458147 29.573434 29.68872 29.804006 29.919293 30.034579 30.149866 30.265152 30.380438 30.495725 30.611011 30.69688 30.67876 30.66064 30.64252 30.6244 30.60628 30.58816 30.57004 30.55192 30.5338 30.51568 30.49756 30.47944 30.461321 30.443201
25.648258 25.724604 25.800949 25.877295 25.95364 26.029986 26.106331 26.182677 26.259022 26.335368 26.411713 26.488058 26.564404 26.640749 26.717095 26.79344 26.852539 26.851949 26.883187 26.998474 27.11376 27.229047 27.344333 27.459619 27.574906 27.690192 27.805479 27.920765 28.036051 28.151338 28.266624 28.381911 28.497197 28.612483 28.72777 28.843056 28.958342 29.073629 29.188915 29.304202 29.419488 29.534774 29.650061 29.765347 29.880634 29.99592 30.111206 30.226493 30.341779 30.457066 30.572352 30.652085 30.633965 30.615845 30.597725 30.579605 30.561485 30.543365 30.525245 30.507125 30.489005 30.470885 30.452765 30.434645 30.416526
25.494299 25.570645 25.64699 25.723336 25.799681 25.876027 25.952372 26.028718 26.105063 26.181409 26.257754 26.3341 26.410445 26.486791 26.563136 26.639482 26.683945 26.683355 26.729242 26.844528 26.959815 27.075101 27.190387 27.305674 27.42096 27.536247 27.651533 27.766819 27.882106 27.997392 28.112679 28.227965 28.343251 28.458538 28.573824 28.689111 28.804397 28.919683 29.03497 29.150256 29.265542 29.380829 29.496115 29.611402 29.726688 29.841974 29.957261 30.072547 30.187834 30.30312 30.418406 30.533693 30.60729 30.58917 30.57105 30.55293 30.53481 30.51669 30.49857 30.48045 30.46233 30.44421 30.42609 30.40797 30.38985
25.340341 25.416686 25.493032 25.569377 25.645722 25.722068 25.798413 25.874759 25.951104 26.02745 26.103795 26.180141 26.256486 26.332832 26.409177 26.485523 26.515351 26.514761 26.575296 26.690583 26.805869 26.921155 27.036442 27.151728 27.267015 27.382301 27.497587 27.612874 27.72816 27.843447 27.958733 28.074019 28.189306 28.304592 28.419879 28.535165 28.650451 28.765738 28.881024 28.99631 29.111597 29.226883 29.34217 29.457456 29.572742 29.688029 29.803315 29.918602 30.033888 30.149174 30.264461 30.379747 30.495034 30.562494 30.544375 30.526255 30.508135 30.490015 30.471895 30.453775 30.435655 30.417535 30.399415 30.381295 30.363175
25.186382 25.262727 25.339073 25.415418 25.491764 25.568109 25.644455 25.7208 25.797146 25.873491 25.949837 26.026182 26.102527 26.178873 26.255218 26.331564 26.346758 26.346168 26.421351 26.536637 26.651923 26.76721 26.882496 26.997783 27.113069 27.228355 27.343642 27.458928 27.574215 27.689501 27.804787 27.920074 28.03536 28.150647 28.265933 28.381219 28.496506 28.611792 28.727078 28.842365 28.957651 29.072938 29.188224 29.30351 29.418797 29.534083 29.64937 29.764656 29.879942 29.995229 30.110515 30.225802 30.341088 30.456374 30.517699 30.49958 30.48146 30.46334 30.44522 30.4271 30.40898 30.39086 30.37274 30.35462 30.3365
25.032423 25.108768 25.185114 25.261459 25.337805 25.41415 25.490496 25.566841 25.643187 25.719532 25.795878 25.872223 25.948569 26.024914 26.10126 26.177605 26.178164 26.177574 26.267405 26.382691 26.497978 26.613264 26.728551 26.843837 26.959123 27.07441 27.189696 27.304983 27.420269 27.535555 27.650842 27.766128 27.881415 27.996701 28.111987 28.227274 28.34256 28.457846 28.573133 28.688419 28.803706 28.918992 29.034278 29.149565 29.264851 29.380138 29.495424 29.61071 29.725997 29.841283 29.95657 30.071856 30.187142 30.302429 30.417715 30.472904 30.454785 30.436665 30.418545 30.400425 30.382305 30.364185 30.346065 30.327945 30.309825
24.878464 24.95481 25.031155 25.107501 25.183846 25.260191 25.336537 25.412882 25.489228 25.565573 25.641919 25.718264 25.79461 25.870955 25.947301 26.010161 26.009571 26.008981 26.113459 26.228746 26.344032 26.459319 26.574605 26.689891 26.805178 26.920464 27.035751 27.151037 27.266323 27.38161 27.496896 27.612183 27.727469 27.842755 27.958042 28.073328 28.188614 28.303901 28.419187 28.534474 28.64976 28.765046 28.880333 28.995619 29.110906 29.226192 29.341478 29.456765 29.572051 29.687338 29.802624 29.91791 30.033197 30.148483 30.26377 30.379056 30.428109 30.409989 30.39187 30.37375 30.35563 30.33751 30.31939 30.30127 30.28315
24.724505 24.800851 24.877196 24.953542 25.029887 25.106233 25.182578 25.258924 25.335269 25.411615 25.48796 25.564306 25.640651 25.716997 25.793342 25.841567 25.840977 25.844227 25.959514 26.0748 26.190087 26.305373 26.420659 26.535946 26.651232 26.766519 26.881805 26.997091 27.112378 27.227664 27.342951 27.458237 27.573523 27.68881 27.804096 27.919382 28.034669 28.149955 28.265242 28.380528 28.495814 28.611101 28.726387 28.841674 28.95696 29.072246 29.187533 29.302819 29.418106 29.533392 29.648678 29.763965 29.879251 29.994538 30.109824 30.22511 30.340397 30.383314 30.365194 30.347075 30.328955 30.310835 30.292715 30.274595 30.256475
24.570546 24.646892 24.723237 24.799583 24.875928 24.952274 25.028619 25.104965 25.18131 25.257656 25.334001 25.410347 25.486692 25.563038 25.639383 25.672974 25.672384 25.690282 25.805568 25.920855 26.036141 26.151427 26.266714 26.382 26.497287 26.612573 26.727859 26.843146 26.958432 27.073719 27.189005 27.304291 27.419578 27.534864 27.65015 27.765437 27.880723 27.99601 28.111296 28.226582 28.341869 28.457155 28.572442 28.687728 28.803014 28.918301 29.033587 29.148874 29.26416 29.379446 29.494733 29.610019 29.725306 29.840592 29.955878 30.071165 30.186451 30.301738 30.338519 30.320399 30.30228 30.28416 30.26604 30.24792 30.2298
24.416588 24.492933 24.569279 24.645624 24.72197 24.798315 24.87466 24.951006 25.027351 25.103697 25.180042 25.256388 25.332733 25.409079 25.485424 25.50438 25.50379 25.536336 25.651623 25.766909 25.882195 25.997482 26.112768 26.228055 26.343341 26.458627 26.573914 26.6892 26.804487 26.919773 27.035059 27.150346 27.265632 27.380918 27.496205 27.611491 27.726778 27.842064 27.95735 28.072637 28.187923 28.30321 28.418496 28.533782 28.649069 28.764355 28.879642 28.994928 29.110214 29.225501 29.340787 29.456074 29.57136 29.686646 29.801933 29.917219 30.032506 30.147792 30.263078 30.293724 30.275604 30.257485 30.239365 30.221245 30.203125
24.262629 24.338974 24.41532 24.491665 24.568011 24.644356 24.720702 24.797047 24.873393 24.949738 25.026084 25.102429 25.178775 25.25512 25.331466 25.335787 25.335197 25.382391 25.497677 25.612963 25.72825 25.843536 25.958823 26.074109 26.189395 26.304682 26.419968 26.535255 26.650541 26.765827 26.881114 26.9964 27.111686 27.226973 27.342259 27.457546 27.572832 27.688118 27.803405 27.918691 28.033978 28.149264 28.26455 28.379837 28.495123 28.61041 28.725696 28.840982 28.956269 29.071555 29.186842 29.302128 29.417414 29.532701 29.647987 29.763274 29.87856 29.993846 30.109133 30.224419 30.248929 30.230809 30.212689 30.19457 30.17645
24.10867 24.185015 24.261361 24.337706 24.414052 24.490397 24.566743 24.643088 24.719434 24.795779 24.872125 24.94847 25.024816 25.101161 25.167783 25.167193 25.166603 25.228445 25.343731 25.459018 25.574304 25.689591 25.804877 25.920163 26.03545 26.150736 26.266023 26.381309 26.496595 26.611882 26.727168 26.842454 26.957741 27.073027 27.188314 27.3036 27.418886 27.534173 27.649459 27.764746 27.880032 27.995318 28.110605 28.225891 28.341178 28.456464 28.57175 28.687037 28.802323 28.91761 29.032896 29.148182 29.263469 29.378755 29.494042 29.609328 29.724614 29.839901 29.955187 30.070474 30.18576 30.204134 30.186014 30.167894 30.149775
23.954711 24.031057 24.107402 24.183748 24.260093 24.336439 24.412784 24.489129 24.565475 24.64182 24.718166 24.794511 24.870857 24.947202 24.99919 24.9986 24.99801 25.074499 25.189786 25.305072 25.420359 25.535645 25.650931 25.766218 25.881504 25.996791 26.112077 26.227363 26.34265 26.457936 26.573222 26.688509 26.803795 26.919082 27.034368 27.149654 27.264941 27.380227 27.495514 27.6108 27.726086 27.841373 27.956659 28.071946 28.187232 28.302518 28.417805 28.533091 28.648378 28.763664 28.87895 28.994237 29.109523 29.22481 29.340096 29.455382 29.570669 29.685955 29.801242 29.916528 30.031814 30.147101 30.159339 30.141219 30.123099
23.800752 23.877098 23.953443 24.029789 24.106134 24.18248 24.258825 24.335171 24.411516 24.487862 24.564207 24.640553 24.716898 24.793244 24.830596 24.830006 24.829416 24.920554 25.03584 25.151127 25.266413 25.381699 25.496986 25.612272 25.727559 25.842845 25.958131 26.073418 26.188704 26.303991 26.419277 26.534563 26.64985 26.765136 26.880422 26.995709 27.110995 27.226282 27.341568 27.456854 27.572141 27.687427 27.802714 27.918 28.033286 28.148573 28.263859 28.379146 28.494432 28.609718 28.725005 28.840291 28.955578 29.070864 29.18615 29.301437 29.416723 29.53201 29.647296 29.762582 29.877869 29.993155 30.108441 30.114544 30.096424
23.646793 23.723139 23.799484 23.87583 23.952175 24.028521 24.104866 24.181212 24.257557 24.333903 24.410248 24.486594 24.562939 24.639285 24.662002 24.661412 24.660822 24.766608 24.881895 24.997181 25.112467 25.227754 25.34304 25.458327 25.573613 25.688899 25.804186 25.919472 26.034759 26.150045 26.265331 26.380618 26.495904 26.61119 26.726477 26.841763 26.95705 27.072336 27.187622 27.302909 27.418195 27.533482 27.648768 27.764054 27.879341 27.994627 28.109914 28.2252 28.340486 28.455773 28.571059 28.686346 28.801632 28.916918 29.032205 29.147491 29.262778 29.378064 29.49335 29.608637 29.723923 29.839209 29.954496 30.069782 30.069749
23.492835 23.56918 23.645526 23.721871 23.798217 23.874562 23.950908 24.027253 24.103598 24.179944 24.256289 24.332635 24.40898 24.485326 24.493409 24.492819 24.497376 24.612663 24.727949 24.843235 24.958522 25.073808 25.189095 25.304381 25.419667 25.534954 25.65024 25.765527 25.880813 25.996099 26.111386 26.226672 26.341958 26.457245 26.572531 26.687818 26.803104 26.91839 27.033677 27.148963 27.26425 27.379536 27.494822 27.610109 27.725395 27.840682 27.955968 28.071254 28.186541 28.301827 28.417114 28.5324 28.647686 28.762973 28.878259 28.993546 29.108832 29.224118 29.339405 29.454691 29.569977 29.685264 29.80055 29.915837 30.031123
23.338876 23.415221 23.491567 23.567912 23.644258 23.720603 23.796949 23.873294 23.94964 24.025985 24.102331 24.178676 24.255022 24.325405 24.324815 24.324225 24.343431 24.458717 24.574003 24.68929 24.804576 24.919863 25.035149 25.150435 25.265722 25.381008 25.496295 25.611581 25.726867 25.842154 25.95744 26.072726 26.188013 26.303299 26.418586 26.533872 26.649158 26.764445 26.879731 26.995018 27.110304 27.22559 27.340877 27.456163 27.57145 27.686736 27.802022 27.917309 28.032595 28.147882 28.263168 28.378454 28.493741 28.609027 28.724314 28.8396 28.954886 29.070173 29.185459 29.300746 29.416032 29.531318 29.646605 29.761891 29.877177
23.184917 23.261262 23.337608 23.413953 23.490299 23.566644 23.64299 23.719335 23.795681 23.872026 23.948372 24.024717 24.101063 24.156812 24.156222 24.155632 24.189485 24.304771 24.420058 24.535344 24.650631 24.765917 24.881203 24.99649 25.111776 25.227063 25.342349 25.457635 25.572922 25.688208 25.803494 25.918781 26.034067 26.149354 26.26464 26.379926 26.495213 26.610499 26.725786 26.841072 26.956358 27.071645 27.186931 27.302218 27.417504 27.53279 27.648077 27.763363 27.87865 27.993936 28.109222 28.224509 28.339795 28.455082 28.570368 28.685654 28.800941 28.916227 29.031514 29.1468 29.262086 29.377373 29.492659 29.607945 29.723232
23.030958 23.107304 23.183649 23.259995 23.33634 23.412686 23.489031 23.565377 23.641722 23.718068 23.794413 23.870758 23.947104 23.988218 23.987628 23.987038 24.035539 24.150826 24.266112 24.381399 24.496685 24.611971 24.727258 24.842544 24.957831 25.073117 25.188403 25.30369 25.418976 25.534262 25.649549 25.764835 25.880122 25.995408 26.110694 26.225981 26.341267 26.456554 26.57184 26.687126 26.802413 26.917699 27.032986 27.148272 27.263558 27.378845 27.494131 27.609418 27.724704 27.83999 27.955277 28.070563 28.18585 28.301136 28.416422 28.531709 28.646995 28.762282 28.877568 28.992854 29.108141 29.223427 29.338713 29.454 29.569286
22.876999 22.953345 23.02969 23.106036 23.182381 23.258727 23.335072 23.411418 23.487763 23.564109 23.640454 23.7168 23.793145 23.819625 23.819035 23.818445 23.881594 23.99688 24.112167 24.227453 24.342739 24.458026 24.573312 24.688599 24.803885 24.919171 25.034458 25.149744 25.26503 25.380317 25.495603 25.61089 25.726176 25.841462 25.956749 26.072035 26.187322 26.302608 26.417894 26.533181 26.648467 26.763754 26.87904 26.994326 27.109613 27.224899 27.340186 27.455472 27.570758 27.686045 27.801331 27.916618 28.031904 28.14719 28.262477 28.377763 28.49305 28.608336 28.723622 28.838909 28.954195 29.069481 29.184768 29.300054 29.415341
22.723041 22.799386 22.875731 22.952077 23.028422 23.104768 23.181113 23.257459 23.333804 23.41015 23.486495 23.562841 23.639186 23.651031 23.650441 23.649851 23.727648 23.842935 23.958221 24.073507 24.188794 24.30408 24.419367 24.534653 24.649939 24.765226 24.880512 24.995798 25.111085 25.226371 25.341658 25.456944 25.57223 25.687517 25.802803 25.91809 26.033376 26.148662 26.263949 26.379235 26.494522 26.609808 26.725094 26.840381 26.955667 27.070954 27.18624 27.301526 27.416813 27.532099 27.647386 27.762672 27.877958 27.993245 28.108531 28.223818 28.339104 28.45439 28.569677 28.684963 28.800249 28.915536 29.030822 29.146109 29.261395
22.569082 22.645427 22.721773 22.798118 22.874464 22.950809 23.027155 23.1035 23.179846 23.256191 23.332537 23.408882 23.483028 23.482438 23.481848 23.481258 23.573703 23.688989 23.804275 23.919562 24.034848 24.150135 24.265421 24.380707 24.495994 24.61128 24.726566 24.841853 24.957139 25.072426 25.187712 25.302998 25.418285 25.533571 25.648858 25.764144 25.87943 25.994717 26.110003 26.22529 26.340576 26.455862 26.571149 26.686435 26.801722 26.917008 27.032294 27.147581 27.262867 27.378154 27.49344 27.608726 27.724013 27.839299 27.954586 28.069872 28.185158 28.300445 28.415731 28.531017 28.646304 28.76159 28.876877 28.992163 29.107449
22.415123 22.491468 22.567814 22.644159 22.720505 22.79685 22.873196 22.949541 23.025887 23.102232 23.178578 23.254923 23.314434 23.313844 23.313254 23.312664 23.419757 23.535043 23.65033 23.765616 23.880903 23.996189 24.111475 24.226762 24.342048 24.457334 24.572621 24.687907 24.803194 24.91848 25.033766 25.149053 25.264339 25.379626 25.494912 25.610198 25.725485 25.840771 25.956058 26.071344 26.18663 26.301917 26.417203 26.53249 26.647776 26.763062 26.878349 26.993635 27.108922 27.224208 27.339494 27.454781 27.570067 27.685354 27.80064 27.915926 28.031213 28.146499 28.261785 28.377072 28.492358 28.607645 28.722931 28.838217 28.953504
22.261164 22.33751 22.413855 22.4902 22.566546 22.642891 22.719237 22.795582 22.871928 22.948273 23.024619 23.100964 23.145841 23.145251 23.144661 23.150525 23.265811 23.381098 23.496384 23.611671 23.726957 23.842243 23.95753 24.072816 24.188102 24.303389 24.418675 24.533962 24.649248 24.764534 24.879821 24.995107 25.110394 25.22568 25.340966 25.456253 25.571539 25.686826 25.802112 25.917398 26.032685 26.147971 26.263258 26.378544 26.49383 26.609117 26.724403 26.83969 26.954976 27.070262 27.185549 27.300835 27.416122 27.531408 27.646694 27.761981 27.877267 27.992553 28.10784 28.223126 28.338413 28.453699 28.568985 28.684272 28.799558
22.107205 22.183551 22.259896 22.336242 22.412587 22.488933 22.565278 22.641624 22.717969 22.794315 22.87066 22.947006 22.977247 22.976657 22.976067 22.996579 23.111866 23.227152 23.342439 23.457725 23.573011 23.688298 23.803584 23.918871 24.034157 24.149443 24.26473 24.380016 24.495302 24.610589 24.725875 24.841162 24.956448 25.071734 25.187021 25.302307 25.417594 25.53288 25.648166 25.763453 25.878739 25.994026 26.109312 26.224598 26.339885 26.455171 26.570458 26.685744 26.80103 26.916317 27.031603 27.14689 27.262176 27.377462 27.492749 27.608035 27.723321 27.838608 27.953894 28.069181 28.184467 28.299753 28.41504 28.530326 28.645613
21.953246 22.029592 22.105937 22.182283 22.258628 22.334974 22.411319 22.487665 22.56401 22.640356 22.716701 22.793047 22.808653 22.808064 22.807474 22.842634 22.95792 23.073207 23.188493 23.303779 23.419066 23.534352 23.649639 23.764925 23.880211 23.995498 24.110784 24.22607 24.341357 24.456643 24.57193 24.687216 24.802502 24.917789 25.033075 25.148362 25.263648 25.378934 25.494221 25.609507 25.724794 25.84008 25.955366 26.070653 26.185939 26.301226 26.416512 26.531798 26.647085 26.762371 26.877658 26.992944 27.10823 27.223517 27.338803 27.454089 27.569376 27.684662 27.799949 27.915235 28.030521 28.145808 28.261094 28.376381 28.491667
21.799288 21.875633 21.951979 22.028324 22.104669 22.181015 22.25736 22.333706 22.410051 22.486397 22.562742 22.639088 22.64006 22.63947 22.63888 22.688688 22.803975 22.919261 23.034547 23.149834 23.26512 23.380407 23.495693 23.610979 23.726266 23.841552 23.956838 24.072125 24.187411 24.302698 24.417984 24.53327 24.648557 24.763843 24.87913 24.994416 25.109702 25.224989 25.340275 25.455562 25.570848 25.686134 25.801421 25.916707 26.031994 26.14728 26.262566 26.377853 26.493139 26.608426 26.723712 26.838998 26.954285 27.069571 27.184857 27.300144 27.41543 27.530717 27.646003 27.761289 27.876576 27.991862 28.107149 28.222435 28.337721
21.645329 21.721674 21.79802 21.874365 21.950711 22.027056 22.103402 22.179747 22.256093 22.332438 22.408784 22.472056 22.471466 22.470876 22.470286 22.534743 22.650029 22.765315 22.880602 22.995888 23.111175 23.226461 23.341747 23.457034 23.57232 23.687606 23.802893 23.918179 24.033466 24.148752 24.264038 24.379325 24.494611 24.609898 24.725184 24.84047 24.955757 25.071043 25.18633 25.301616 25.416902 25.532189 25.647475 25.762762 25.878048 25.993334 26.108621 26.223907 26.339194 26.45448 26.569766 26.685053 26.800339 26.915626 27.030912 27.146198 27.261485 27.376771 27.492057 27.607344 27.72263 27.837917 27.953203 28.068489 28.183776
