test/data/cas1/cas2Mnt.asc
NCOLS 524
NROWS 502
XLLCORNER 424162
YLLCORNER 242575
CELLSIZE 10
NODATA_VALUE -9999
[rows 174 to 202 of 502, columns 325 to 389 of 524]
17.026564 17.102909 17.179255 17.2556 17.331946 17.408291 17.4172 17.41661 17.41602 17.41543 17.41484 17.455229 17.570515 17.685802 17.801088 17.916374 18.031661 18.146947 18.262234 18.37752 18.492806 18.608093 18.723379 18.838666 18.953952 19.069238 19.184525 19.299811 19.415098 19.530384 19.64567 19.760957 19.876243 19.99153 20.106816 20.222102 20.337389 20.452675 20.567961 20.683248 20.798534 20.913821 21.029107 21.144393 21.25968 21.374966 21.490253 21.605539 21.720825 21.836112 21.951398 22.066685 22.181971 22.297257 22.412544 22.52783 22.643117 22.910902 23.363597 23.816293 24.268988 24.721683 25.174378 25.627074 26.079769
16.872605 16.948951 17.025296 17.101642 17.177987 17.249197 17.248607 17.248017 17.247427 17.246837 17.246247 17.301283 17.41657 17.531856 17.647142 17.762429 17.877715 17.993002 18.108288 18.223574 18.338861 18.454147 18.569434 18.68472 18.800006 18.915293 19.030579 19.145866 19.261152 19.376438 19.491725 19.607011 19.722298 19.837584 19.95287 20.068157 20.183443 20.298729 20.414016 20.529302 20.644589 20.759875 20.875161 20.990448 21.105734 21.221021 21.336307 21.451593 21.56688 21.682166 21.797453 21.912739 22.028025 22.143312 22.258598 22.407009 22.859705 23.3124 23.765095 24.21779 24.670486 25.123181 25.575876 26.028572 25.703862
16.718646 16.794992 16.871337 16.947683 17.024028 17.080603 17.080013 17.079423 17.078833 17.078243 17.077653 17.147338 17.262624 17.37791 17.493197 17.608483 17.72377 17.839056 17.954342 18.069629 18.184915 18.300202 18.415488 18.530774 18.646061 18.761347 18.876634 18.99192 19.107206 19.222493 19.337779 19.453066 19.568352 19.683638 19.798925 19.914211 20.029497 20.144784 20.26007 20.375357 20.490643 20.605929 20.721216 20.836502 20.951789 21.067075 21.182361 21.297648 21.412934 21.528221 21.643507 21.758793 21.87408 21.989366 22.355812 22.808507 23.261202 23.713898 24.166593 24.619288 25.071984 25.524679 25.912447 25.45269 24.992933
16.564688 16.641033 16.717378 16.793724 16.870069 16.912009 16.911419 16.910829 16.910239 16.909649 16.909059 16.993392 17.108678 17.223965 17.339251 17.454538 17.569824 17.68511 17.800397 17.915683 18.03097 18.146256 18.261542 18.376829 18.492115 18.607402 18.722688 18.837974 18.953261 19.068547 19.183834 19.29912 19.414406 19.529693 19.644979 19.760266 19.875552 19.990838 20.106125 20.221411 20.336697 20.451984 20.56727 20.682557 20.797843 20.913129 21.028416 21.143702 21.258989 21.374275 21.489561 21.604848 21.851919 22.304614 22.75731 23.210005 23.6627 24.115396 24.568091 25.020786 25.473481 25.661276 25.201519 24.741762 24.282005
16.410729 16.487074 16.56342 16.639765 16.716111 16.743416 16.742826 16.742236 16.741646 16.741056 16.740466 16.839446 16.954733 17.070019 17.185306 17.300592 17.415878 17.531165 17.646451 17.761738 17.877024 17.99231 18.107597 18.222883 18.33817 18.453456 18.568742 18.684029 18.799315 18.914602 19.029888 19.145174 19.260461 19.375747 19.491034 19.60632 19.721606 19.836893 19.952179 20.067465 20.182752 20.298038 20.413325 20.528611 20.643897 20.759184 20.87447 20.989757 21.105043 21.220329 21.348026 21.800722 22.253417 22.706112 23.158807 23.611503 24.064198 24.516893 24.969589 25.422284 25.410105 24.950348 24.490591 24.030834 23.571077
16.25677 16.333115 16.409461 16.485806 16.562152 16.574822 16.574232 16.573642 16.573052 16.572462 16.571872 16.685501 16.800787 16.916074 17.03136 17.146646 17.261933 17.377219 17.492506 17.607792 17.723078 17.838365 17.953651 18.068938 18.184224 18.29951 18.414797 18.530083 18.64537 18.760656 18.875942 18.991229 19.106515 19.221802 19.337088 19.452374 19.567661 19.682947 19.798233 19.91352 20.028806 20.144093 20.259379 20.374665 20.489952 20.605238 20.720525 20.835811 20.951097 21.296829 21.749524 22.202219 22.654915 23.10761 23.560305 24.013001 24.465696 24.918391 25.371086 25.158934 24.699176 24.239419 23.779662 23.319905 22.860148
16.102811 16.179157 16.255502 16.331847 16.406819 16.406229 16.405639 16.405049 16.404459 16.403869 16.416269 16.531555 16.646842 16.762128 16.877414 16.992701 17.107987 17.223274 17.33856 17.453846 17.569133 17.684419 17.799706 17.914992 18.030278 18.145565 18.260851 18.376138 18.491424 18.60671 18.721997 18.837283 18.95257 19.067856 19.183142 19.298429 19.413715 19.529001 19.644288 19.759574 19.874861 19.990147 20.105433 20.22072 20.336006 20.451293 20.566579 20.792936 21.245631 21.698327 22.151022 22.603717 23.056413 23.509108 23.961803 24.414498 24.867194 25.319889 24.907762 24.448005 23.988248 23.528491 23.068734 22.608977 22.14922
15.948852 16.025198 16.101543 16.177889 16.238225 16.237635 16.237045 16.236455 16.235865 16.235275 16.262323 16.37761 16.492896 16.608182 16.723469 16.838755 16.954042 17.069328 17.184614 17.299901 17.415187 17.530474 17.64576 17.761046 17.876333 17.991619 18.106906 18.222192 18.337478 18.452765 18.568051 18.683338 18.798624 18.91391 19.029197 19.144483 19.259769 19.375056 19.490342 19.605629 19.720915 19.836201 19.951488 20.066774 20.182061 20.297347 20.741739 21.194434 21.647129 22.099825 22.55252 23.005215 23.45791 23.910606 24.363301 24.815996 25.116348 24.656591 24.196834 23.737077 23.27732 22.817563 22.357806 21.898049 21.438291
15.794893 15.871239 15.947584 16.02393 16.069632 16.069042 16.068452 16.067862 16.067272 16.066682 16.108378 16.223664 16.33895 16.454237 16.569523 16.68481 16.800096 16.915382 17.030669 17.145955 17.261242 17.376528 17.491814 17.607101 17.722387 17.837674 17.95296 18.068246 18.183533 18.298819 18.414106 18.529392 18.644678 18.759965 18.875251 18.990537 19.105824 19.22111 19.336397 19.451683 19.566969 19.682256 19.797542 19.912829 20.237846 20.690541 21.143237 21.595932 22.048627 22.501322 22.954018 23.406713 23.859408 24.312103 24.764799 24.865177 24.40542 23.945663 23.485906 23.026148 22.566391 22.106634 21.646877 21.18712 20.727363
15.640935 15.71728 15.793626 15.869971 15.901038 15.900448 15.899858 15.899268 15.898678 15.898088 15.954432 16.069718 16.185005 16.300291 16.415578 16.530864 16.64615 16.761437 16.876723 16.99201 17.107296 17.222582 17.337869 17.453155 17.568442 17.683728 17.799014 17.914301 18.029587 18.144874 18.26016 18.375446 18.490733 18.606019 18.721305 18.836592 18.951878 19.067165 19.182451 19.297737 19.413024 19.52831 19.733953 20.186648 20.639344 21.092039 21.544734 21.99743 22.450125 22.90282 23.355515 23.808211 24.260906 24.713601 24.614006 24.154248 23.694491 23.234734 22.774977 22.31522 21.855463 21.395706 20.935949 20.476192 20.029035
15.486976 15.563321 15.639667 15.716012 15.732445 15.731855 15.731265 15.730675 15.730085 15.729495 15.800486 15.915773 16.031059 16.146346 16.261632 16.376918 16.492205 16.607491 16.722778 16.838064 16.95335 17.068637 17.183923 17.29921 17.414496 17.529782 17.645069 17.760355 17.875642 17.990928 18.106214 18.221501 18.336787 18.452073 18.56736 18.682646 18.797933 18.913219 19.028505 19.143792 19.259078 19.682756 20.135451 20.588146 21.040842 21.493537 21.946232 22.398927 22.851623 23.304318 23.757013 24.209709 24.662404 24.362834 23.903077 23.44332 22.983563 22.523806 22.064049 21.604292 21.144535 20.684778 20.225021 19.765263 19.903039
15.333017 15.409362 15.485708 15.562053 15.563851 15.563261 15.562671 15.562081 15.561491 15.560901 15.646541 15.761827 15.877114 15.9924 16.107686 16.222973 16.338259 16.453546 16.568832 16.684118 16.799405 16.914691 17.029978 17.145264 17.26055 17.375837 17.491123 17.60641 17.721696 17.836982 17.952269 18.067555 18.182841 18.298128 18.413414 18.528701 18.643987 18.759273 18.87456 19.178863 19.631558 20.084254 20.536949 20.989644 21.442339 21.895035 22.34773 22.800425 23.25312 23.705816 24.158511 24.57142 24.111663 23.651906 23.192149 22.732392 22.272635 21.812878 21.353121 20.893363 20.433606 19.973849 19.514092 19.533322 19.777043
15.179058 15.255404 15.331749 15.395848 15.395258 15.394668 15.394078 15.393488 15.392898 15.392308 15.492595 15.607882 15.723168 15.838454 15.953741 16.069027 16.184314 16.2996 16.414886 16.530173 16.645459 16.760746 16.876032 16.991318 17.106605 17.221891 17.337178 17.452464 17.56775 17.683037 17.798323 17.913609 18.028896 18.144182 18.259469 18.374755 18.490041 18.67497 19.127666 19.580361 20.033056 20.485751 20.938447 21.391142 21.843837 22.296532 22.749228 23.201923 23.654618 24.107314 24.320249 23.860492 23.400735 22.940978 22.48122 22.021463 21.561706 21.101949 20.642192 20.182435 19.722678 19.262921 19.163606 19.407327 19.651047
15.025099 15.101445 15.17779 15.227254 15.226664 15.226074 15.225484 15.224894 15.224304 15.223714 15.33865 15.453936 15.569222 15.684509 15.799795 15.915082 16.030368 16.145654 16.260941 16.376227 16.491514 16.6068 16.722086 16.837373 16.952659 17.067946 17.183232 17.298518 17.413805 17.529091 17.644378 17.759664 17.87495 17.990237 18.105523 18.220809 18.623773 19.076468 19.529163 19.981859 20.434554 20.887249 21.339944 21.79264 22.245335 22.69803 23.150726 23.603421 24.056116 24.069077 23.60932 23.149563 22.689806 22.230049 21.770292 21.310535 20.850778 20.391021 19.931264 19.471507 19.01175 18.79389 19.03761 19.281331 19.525051
14.87114 14.947486 15.023831 15.05866 15.05807 15.05748 15.05689 15.0563 15.05571 15.069418 15.184704 15.29999 15.415277 15.530563 15.64585 15.761136 15.876422 15.991709 16.106995 16.222282 16.337568 16.452854 16.568141 16.683427 16.798714 16.914 17.029286 17.144573 17.259859 17.375146 17.490432 17.605718 17.721005 17.836291 18.11988 18.572575 19.025271 19.477966 19.930661 20.383356 20.836052 21.288747 21.741442 22.194138 22.646833 23.099528 23.552223 24.004919 23.817906 23.358149 22.898392 22.438635 21.978878 21.519121 21.059364 20.599607 20.13985 19.680093 19.220335 18.760578 18.424173 18.667894 18.911615 19.155335 19.399056
14.717182 14.793527 14.869873 14.890067 14.889477 14.888887 14.888297 14.887707 14.887117 14.915472 15.030758 15.146045 15.261331 15.376618 15.491904 15.60719 15.722477 15.837763 15.95305 16.068336 16.183622 16.298909 16.414195 16.529482 16.644768 16.760054 16.875341 16.990627 17.105914 17.2212 17.336486 17.451773 17.615987 18.068683 18.521378 18.974073 19.426768 19.879464 20.332159 20.784854 21.237549 21.690245 22.14294 22.595635 23.048331 23.501026 23.953721 23.566735 23.106978 22.647221 22.187464 21.727707 21.26795 20.808192 20.348435 19.888678 19.428921 18.969164 18.509407 18.054457 18.298178 18.541898 18.785619 19.029339 19.27306
14.563223 14.639568 14.715914 14.721473 14.720883 14.720293 14.719703 14.719113 14.718523 14.761526 14.876813 14.992099 15.107386 15.222672 15.337958 15.453245 15.568531 15.683818 15.799104 15.91439 16.029677 16.144963 16.26025 16.375536 16.490822 16.606109 16.721395 16.836682 16.951968 17.067254 17.182541 17.56479 18.017485 18.47018 18.922876 19.375571 19.828266 20.280961 20.733657 21.186352 21.639047 22.091743 22.544438 22.997133 23.449828 23.775321 23.315564 22.855807 22.39605 21.936292 21.476535 21.016778 20.557021 20.097264 19.637507 19.17775 18.717993 18.258236 17.798479 17.928461 18.172182 18.415902 18.659623 18.903344 19.147064
14.409264 14.485609 14.55347 14.55288 14.55229 14.5517 14.55111 14.55052 14.54993 14.607581 14.722867 14.838154 14.95344 15.068726 15.184013 15.299299 15.414586 15.529872 15.645158 15.760445 15.875731 15.991018 16.106304 16.22159 16.336877 16.452163 16.56745 16.682736 16.798022 17.060897 17.513592 17.966288 18.418983 18.871678 19.324373 19.777069 20.229764 20.682459 21.135155 21.58785 22.040545 22.49324 22.945936 23.398631 23.524149 23.064392 22.604635 22.144878 21.685121 21.225364 20.765607 20.30585 19.846093 19.386336 18.926579 18.466822 18.007065 17.547307 17.558745 17.802465 18.046186 18.289907 18.533627 18.777348 19.021068
14.255305 14.331651 14.384876 14.384286 14.383696 14.383106 14.382516 14.381926 14.381336 14.453635 14.568922 14.684208 14.799494 14.914781 15.030067 15.145354 15.26064 15.375926 15.491213 15.606499 15.721786 15.837072 15.952358 16.067645 16.182931 16.298218 16.413504 16.557004 17.0097 17.462395 17.91509 18.367785 18.820481 19.273176 19.725871 20.178567 20.631262 21.083957 21.536652 21.989348 22.442043 22.894738 23.347433 23.272978 22.813221 22.353464 21.893707 21.43395 20.974193 20.514436 20.054679 19.594922 19.135165 18.675407 18.21565 17.755893 17.296136 17.189028 17.432749 17.67647 17.92019 18.163911 18.407631 18.651352 18.895073
14.101346 14.177692 14.216283 14.215693 14.215103 14.214513 14.213923 14.213333 14.212743 14.29969 14.414976 14.530262 14.645549 14.760835 14.876122 14.991408 15.106694 15.221981 15.337267 15.452554 15.56784 15.683126 15.798413 15.913699 16.028986 16.144272 16.505807 16.958502 17.411197 17.863893 18.316588 18.769283 19.221979 19.674674 20.127369 20.580064 21.03276 21.485455 21.93815 22.390845 22.843541 23.296236 23.021807 22.56205 22.102293 21.642536 21.182779 20.723022 20.263264 19.803507 19.34375 18.883993 18.424236 17.964479 17.504722 17.044965 16.819312 17.063033 17.306753 17.550474 17.794194 18.037915 18.281636 18.525356 18.769077
13.947388 14.023733 14.047689 14.047099 14.046509 14.045919 14.045329 14.044739 14.044149 14.145744 14.26103 14.376317 14.491603 14.60689 14.722176 14.837462 14.952749 15.068035 15.183322 15.298608 15.413894 15.529181 15.644467 15.759754 16.001914 16.454609 16.907305 17.36 17.812695 18.26539 18.718086 19.170781 19.623476 20.076172 20.528867 20.981562 21.434257 21.886953 22.339648 22.792343 23.230393 22.770636 22.310879 21.851121 21.391364 20.931607 20.47185 20.012093 19.552336 19.092579 18.632822 18.173065 17.713308 17.253551 16.793794 16.449596 16.693316 16.937037 17.180757 17.424478 17.668199 17.911919 18.15564 18.39936 18.643081
13.793429 13.869774 13.879096 13.878506 13.877916 13.877326 13.876736 13.876146 13.876512 13.991798 14.107085 14.222371 14.337658 14.452944 14.56823 14.683517 14.798803 14.91409 15.029376 15.144662 15.259949 15.375235 15.498021 15.950717 16.403412 16.856107 17.308802 17.761498 18.214193 18.666888 19.119584 19.572279 20.024974 20.477669 20.930365 21.38306 21.835755 22.288451 22.741146 22.979221 22.519464 22.059707 21.59995 21.140193 20.680436 20.220679 19.760922 19.301165 18.841408 18.381651 17.921894 17.462137 17.002379 16.542622 16.082865 16.3236 16.56732 16.811041 17.054762 17.298482 17.542203 17.785923 18.029644 18.273365 18.517085
13.63947 13.711092 13.710502 13.709912 13.709322 13.708732 13.708142 13.707552 13.722566 13.837853 13.953139 14.068426 14.183712 14.298998 14.414285 14.529571 14.644858 14.760144 14.87543 14.990717 15.106003 15.446824 15.899519 16.352214 16.80491 17.257605 17.7103 18.162996 18.615691 19.068386 19.521081 19.973777 20.426472 20.879167 21.331862 21.784558 22.237253 22.689948 22.72805 22.268293 21.808536 21.348779 20.889022 20.429265 19.969508 19.509751 19.049994 18.590236 18.130479 17.670722 17.210965 16.751208 16.291451 15.831694 15.953883 16.197604 16.441325 16.685045 16.928766 17.172486 17.416207 17.659928 17.903648 18.147369 18.391089
13.485511 13.542499 13.541909 13.541319 13.540729 13.540139 13.539549 13.538959 13.568621 13.683907 13.799194 13.91448 14.029766 14.145053 14.260339 14.375626 14.490912 14.606198 14.721485 14.942931 15.395626 15.848322 16.301017 16.753712 17.206408 17.659103 18.111798 18.564493 19.017189 19.469884 19.922579 20.375274 20.82797 21.280665 21.73336 22.186056 22.638751 22.476879 22.017122 21.557365 21.097608 20.637851 20.178093 19.718336 19.258579 18.798822 18.339065 17.879308 17.419551 16.959794 16.500037 16.04028 15.580523 15.584167 15.827888 16.071608 16.315329 16.559049 16.80277 17.046491 17.290211 17.533932 17.777652 18.021373 18.265094
13.331552 13.373905 13.373315 13.372725 13.372135 13.371545 13.370955 13.370365 13.414675 13.529962 13.645248 13.760534 13.875821 13.991107 14.106394 14.22168 14.336966 14.452253 14.891734 15.344429 15.797124 16.24982 16.702515 17.15521 17.607905 18.060601 18.513296 18.965991 19.418686 19.871382 20.324077 20.776772 21.229468 21.682163 22.134858 22.587553 22.225708 21.765951 21.306193 20.846436 20.386679 19.926922 19.467165 19.007408 18.547651 18.087894 17.628137 17.16838 16.708623 16.248866 15.789109 15.329351 15.214451 15.458171 15.701892 15.945612 16.189333 16.433054 16.676774 16.920495 17.164215 17.407936 17.651657 17.895377 18.139098
13.177593 13.205311 13.204721 13.204131 13.203541 13.202951 13.202361 13.201772 13.26073 13.376016 13.491302 13.606589 13.721875 13.837162 13.952448 14.067734 14.387841 14.840536 15.293231 15.745927 16.198622 16.651317 17.104013 17.556708 18.009403 18.462098 18.914794 19.367489 19.820184 20.27288 20.725575 21.17827 21.630965 22.083661 22.434293 21.974536 21.514779 21.055022 20.595265 20.135508 19.675751 19.215994 18.756237 18.29648 17.836723 17.376966 16.917208 16.457451 15.997694 15.537937 15.07818 14.844734 15.088455 15.332175 15.575896 15.819617 16.063337 16.307058 16.550778 16.794499 17.03822 17.28194 17.525661 17.769381 18.013102
13.023635 13.036718 13.036128 13.035538 13.034948 13.034358 13.033768 13.033178 13.106784 13.22207 13.337357 13.452643 13.56793 13.683216 13.883948 14.336643 14.789339 15.242034 15.694729 16.147425 16.60012 17.052815 17.50551 17.958206 18.410901 18.863596 19.316292 19.768987 20.221682 20.674377 21.127073 21.579768 22.032463 22.183122 21.723365 21.263608 20.803851 20.344094 19.884337 19.42458 18.964823 18.505066 18.045308 17.585551 17.125794 16.666037 16.20628 15.746523 15.286766 14.827009 14.475018 14.718738 14.962459 15.20618 15.4499 15.693621 15.937341 16.181062 16.424783 16.668503 16.912224 17.155944 17.399665 17.643386 17.887106
12.868714 12.868124 12.867534 12.866944 12.866354 12.865764 12.865174 12.864584 12.952838 13.068125 13.183411 13.298698 13.413984 13.832751 14.285446 14.738141 15.190837 15.643532 16.096227 16.548922 17.001618 17.454313 17.907008 18.359703 18.812399 19.265094 19.717789 20.170485 20.62318 21.075875 21.52857 21.981266 21.931951 21.472194 21.012437 20.55268 20.092923 19.633165 19.173408 18.713651 18.253894 17.794137 17.33438 16.874623 16.414866 15.955109 15.495352 15.035595 14.575838 14.116081 14.349022 14.592743 14.836463 15.080184 15.323904 15.567625 15.811346 16.055066 16.298787 16.542507 16.786228 17.029949 17.273669 17.51739 17.76111
12.700121 12.699531 12.698941 12.698351 12.697761 12.697171 12.696581 12.695991 12.798893 12.914179 13.029466 13.328858 13.781553 14.234249 14.686944 15.139639 15.592334 16.04503 16.497725 16.95042 17.403115 17.855811 18.308506 18.761201 19.213897 19.666592 20.119287 20.571982 21.024678 21.477373 21.930068 21.68078 21.221022 20.761265 20.301508 19.841751 19.381994 18.922237 18.46248 18.002723 17.542966 17.083209 16.623452 16.163695 15.703938 15.244181 14.784423 14.324666 13.864909 13.979306 14.223026 14.466747 14.710468 14.954188 15.197909 15.441629 15.68535 15.92907 16.172791 16.416512 16.660232 16.903953 17.147673 17.391394 17.635115
