test/data/cas1/cas2Mnt.asc
NCOLS 524
NROWS 502
XLLCORNER 424162
YLLCORNER 242575
CELLSIZE 10
NODATA_VALUE -9999
[rows 406 to 434 of 502, columns 130 to 194 of 524]
21.493982 21.464142 21.434303 21.404463 21.374624 21.344785 21.314945 21.285106 21.255267 21.225427 21.195588 21.165749 21.135909 21.10607 21.07623 21.046391 21.016552 20.994358 20.981689 20.969019 20.956349 20.94368 20.93101 20.918341 20.905671 20.893002 20.880332 20.867662 20.854993 20.842323 20.829654 20.816984 20.804314 20.791645 20.778975 20.766306 20.753636 20.740967 20.728297 20.715627 20.702958 20.690288 20.677619 20.664949 20.652279 20.63961 20.62694 20.614271 20.601601 20.588932 20.576262 20.563592 20.550923 20.538253 20.525584 20.512914 20.500245 20.487575 20.474905 20.462236 20.449566 20.436897 20.424227 20.411557 20.398888
21.509574 21.479734 21.449895 21.420056 21.390216 21.360377 21.330538 21.300698 21.270859 21.241019 21.21118 21.181341 21.151501 21.121662 21.091823 21.061983 21.032144 21.002305 20.988309 20.975639 20.96297 20.9503 20.937631 20.924961 20.912291 20.899622 20.886952 20.874283 20.861613 20.848944 20.836274 20.823604 20.810935 20.798265 20.785596 20.772926 20.760256 20.747587 20.734917 20.722248 20.709578 20.696909 20.684239 20.671569 20.6589 20.64623 20.633561 20.620891 20.608222 20.595552 20.582882 20.570213 20.557543 20.544874 20.532204 20.519534 20.506865 20.494195 20.481526 20.468856 20.456187 20.443517 20.430847 20.418178 20.405508
21.525166 21.495327 21.465487 21.435648 21.405809 21.375969 21.34613 21.31629 21.286451 21.256612 21.226772 21.196933 21.167094 21.137254 21.107415 21.077576 21.047736 21.017897 20.994929 20.98226 20.96959 20.956921 20.944251 20.931581 20.918912 20.906242 20.893573 20.880903 20.868233 20.855564 20.842894 20.830225 20.817555 20.804886 20.792216 20.779546 20.766877 20.754207 20.741538 20.728868 20.716198 20.703529 20.690859 20.67819 20.66552 20.652851 20.640181 20.627511 20.614842 20.602172 20.589503 20.576833 20.564164 20.551494 20.538824 20.526155 20.513485 20.500816 20.488146 20.475476 20.462807 20.450137 20.437468 20.424798 20.412129
21.540758 21.510919 21.48108 21.45124 21.421401 21.391561 21.361722 21.331883 21.302043 21.272204 21.242365 21.212525 21.182686 21.152846 21.123007 21.093168 21.063328 21.033489 21.00365 20.98888 20.97621 20.963541 20.950871 20.938202 20.925532 20.912863 20.900193 20.887523 20.874854 20.862184 20.849515 20.836845 20.824175 20.811506 20.798836 20.786167 20.773497 20.760828 20.748158 20.735488 20.722819 20.710149 20.69748 20.68481 20.672141 20.659471 20.646801 20.634132 20.621462 20.608793 20.596123 20.583453 20.570784 20.558114 20.545445 20.532775 20.520106 20.507436 20.494766 20.482097 20.469427 20.456758 20.444088 20.431418 20.418749
21.55635 21.526511 21.496672 21.466832 21.436993 21.407154 21.377314 21.347475 21.317636 21.287796 21.257957 21.228117 21.198278 21.168439 21.138599 21.10876 21.078921 21.049081 21.019242 20.9955 20.982831 20.970161 20.957492 20.944822 20.932152 20.919483 20.906813 20.894144 20.881474 20.868805 20.856135 20.843465 20.830796 20.818126 20.805457 20.792787 20.780118 20.767448 20.754778 20.742109 20.729439 20.71677 20.7041 20.69143 20.678761 20.666091 20.653422 20.640752 20.628083 20.615413 20.602743 20.590074 20.577404 20.564735 20.552065 20.539395 20.526726 20.514056 20.501387 20.488717 20.476048 20.463378 20.450708 20.438039 20.425369
21.571943 21.542103 21.512264 21.482425 21.452585 21.422746 21.392906 21.363067 21.333228 21.303388 21.273549 21.24371 21.21387 21.184031 21.154192 21.124352 21.094513 21.064673 21.034834 21.004995 20.989451 20.976782 20.964112 20.951442 20.938773 20.926103 20.913434 20.900764 20.888095 20.875425 20.862755 20.850086 20.837416 20.824747 20.812077 20.799407 20.786738 20.774068 20.761399 20.748729 20.73606 20.72339 20.71072 20.698051 20.685381 20.672712 20.660042 20.647372 20.634703 20.622033 20.609364 20.596694 20.584025 20.571355 20.558685 20.546016 20.533346 20.520677 20.508007 20.495338 20.482668 20.469998 20.457329 20.444659 20.43199
21.587535 21.557696 21.527856 21.498017 21.468177 21.438338 21.408499 21.378659 21.34882 21.318981 21.289141 21.259302 21.229463 21.199623 21.169784 21.139944 21.110105 21.080266 21.050426 21.020587 20.996071 20.983402 20.970732 20.958063 20.945393 20.932724 20.920054 20.907384 20.894715 20.882045 20.869376 20.856706 20.844037 20.831367 20.818697 20.806028 20.793358 20.780689 20.768019 20.755349 20.74268 20.73001 20.717341 20.704671 20.692002 20.679332 20.666662 20.653993 20.641323 20.628654 20.615984 20.603315 20.590645 20.577975 20.565306 20.552636 20.539967 20.527297 20.514627 20.501958 20.489288 20.476619 20.463949 20.45128 20.43861
21.603127 21.573288 21.543448 21.513609 21.48377 21.45393 21.424091 21.394252 21.364412 21.334573 21.304733 21.274894 21.245055 21.215215 21.185376 21.155537 21.125697 21.095858 21.066019 21.036179 21.00634 20.990022 20.977353 20.964683 20.952014 20.939344 20.926674 20.914005 20.901335 20.888666 20.875996 20.863326 20.850657 20.837987 20.825318 20.812648 20.799979 20.787309 20.774639 20.76197 20.7493 20.736631 20.723961 20.711291 20.698622 20.685952 20.673283 20.660613 20.647944 20.635274 20.622604 20.609935 20.597265 20.584596 20.571926 20.559257 20.546587 20.533917 20.521248 20.508578 20.495909 20.483239 20.470569 20.4579 20.44523
21.618719 21.58888 21.559041 21.529201 21.499362 21.469523 21.439683 21.409844 21.380004 21.350165 21.320326 21.290486 21.260647 21.230808 21.200968 21.171129 21.14129 21.11145 21.081611 21.051771 21.021932 20.996643 20.983973 20.971303 20.958634 20.945964 20.933295 20.920625 20.907956 20.895286 20.882616 20.869947 20.857277 20.844608 20.831938 20.819268 20.806599 20.793929 20.78126 20.76859 20.755921 20.743251 20.730581 20.717912 20.705242 20.692573 20.679903 20.667234 20.654564 20.641894 20.629225 20.616555 20.603886 20.591216 20.578546 20.565877 20.553207 20.540538 20.527868 20.515199 20.502529 20.489859 20.47719 20.46452 20.451851
21.634312 21.604472 21.574633 21.544794 21.514954 21.485115 21.455275 21.425436 21.395597 21.365757 21.335918 21.306079 21.276239 21.2464 21.21656 21.186721 21.156882 21.127042 21.097203 21.067364 21.037524 21.007685 20.990593 20.977924 20.965254 20.952585 20.939915 20.927245 20.914576 20.901906 20.889237 20.876567 20.863898 20.851228 20.838558 20.825889 20.813219 20.80055 20.78788 20.775211 20.762541 20.749871 20.737202 20.724532 20.711863 20.699193 20.686523 20.673854 20.661184 20.648515 20.635845 20.623176 20.610506 20.597836 20.585167 20.572497 20.559828 20.547158 20.534488 20.521819 20.509149 20.49648 20.48381 20.471141 20.458471
21.649904 21.620064 21.590225 21.560386 21.530546 21.500707 21.470868 21.441028 21.411189 21.38135 21.35151 21.321671 21.291831 21.261992 21.232153 21.202313 21.172474 21.142635 21.112795 21.082956 21.053117 21.023277 20.997214 20.984544 20.971875 20.959205 20.946535 20.933866 20.921196 20.908527 20.895857 20.883188 20.870518 20.857848 20.845179 20.832509 20.81984 20.80717 20.7945 20.781831 20.769161 20.756492 20.743822 20.731153 20.718483 20.705813 20.693144 20.680474 20.667805 20.655135 20.642465 20.629796 20.617126 20.604457 20.591787 20.579118 20.566448 20.553778 20.541109 20.528439 20.51577 20.5031 20.490431 20.477761 20.465091
21.665496 21.635657 21.605817 21.575978 21.546139 21.516299 21.48646 21.45662 21.426781 21.396942 21.367102 21.337263 21.307424 21.277584 21.247745 21.217906 21.188066 21.158227 21.128387 21.098548 21.068709 21.038869 21.00903 20.991164 20.978495 20.965825 20.953156 20.940486 20.927817 20.915147 20.902477 20.889808 20.877138 20.864469 20.851799 20.83913 20.82646 20.81379 20.801121 20.788451 20.775782 20.763112 20.750442 20.737773 20.725103 20.712434 20.699764 20.687095 20.674425 20.661755 20.649086 20.636416 20.623747 20.611077 20.598408 20.585738 20.573068 20.560399 20.547729 20.53506 20.52239 20.50972 20.497051 20.484381 20.471712
21.681088 21.651249 21.62141 21.59157 21.561731 21.531891 21.502052 21.472213 21.442373 21.412534 21.382695 21.352855 21.323016 21.293177 21.263337 21.233498 21.203658 21.173819 21.14398 21.11414 21.084301 21.054462 21.024622 20.997785 20.985115 20.972446 20.959776 20.947107 20.934437 20.921767 20.909098 20.896428 20.883759 20.871089 20.858419 20.84575 20.83308 20.820411 20.807741 20.795072 20.782402 20.769732 20.757063 20.744393 20.731724 20.719054 20.706384 20.693715 20.681045 20.668376 20.655706 20.643037 20.630367 20.617697 20.605028 20.592358 20.579689 20.567019 20.55435 20.54168 20.52901 20.516341 20.503671 20.491002 20.481941
21.696681 21.666841 21.637002 21.607162 21.577323 21.547484 21.517644 21.487805 21.457966 21.428126 21.398287 21.368447 21.338608 21.308769 21.278929 21.24909 21.219251 21.189411 21.159572 21.129733 21.099893 21.070054 21.040214 21.010375 20.991736 20.979066 20.966396 20.953727 20.941057 20.928388 20.915718 20.903049 20.890379 20.877709 20.86504 20.85237 20.839701 20.827031 20.814361 20.801692 20.789022 20.776353 20.763683 20.751014 20.738344 20.725674 20.713005 20.700335 20.687666 20.674996 20.662327 20.649657 20.636987 20.624318 20.611648 20.598979 20.586309 20.573639 20.56097 20.5483 20.535631 20.522961 20.510292 20.501312 20.492942
21.712273 21.682433 21.652594 21.622755 21.592915 21.563076 21.533237 21.503397 21.473558 21.443718 21.413879 21.38404 21.3542 21.324361 21.294522 21.264682 21.234843 21.205004 21.175164 21.145325 21.115485 21.085646 21.055807 21.025967 20.998356 20.985686 20.973017 20.960347 20.947678 20.935008 20.922338 20.909669 20.896999 20.88433 20.87166 20.858991 20.846321 20.833651 20.820982 20.808312 20.795643 20.782973 20.770304 20.757634 20.744964 20.732295 20.719625 20.706956 20.694286 20.681616 20.668947 20.656277 20.643608 20.630938 20.618269 20.605599 20.592929 20.58026 20.56759 20.554921 20.542251 20.529581 20.520682 20.512313 20.503943
21.727865 21.698026 21.668186 21.638347 21.608508 21.578668 21.548829 21.518989 21.48915 21.459311 21.429471 21.399632 21.369793 21.339953 21.310114 21.280274 21.250435 21.220596 21.190756 21.160917 21.131078 21.101238 21.071399 21.04156 21.01172 20.992307 20.979637 20.966968 20.954298 20.941628 20.928959 20.916289 20.90362 20.89095 20.87828 20.865611 20.852941 20.840272 20.827602 20.814933 20.802263 20.789593 20.776924 20.764254 20.751585 20.738915 20.726246 20.713576 20.700906 20.688237 20.675567 20.662898 20.650228 20.637558 20.624889 20.612219 20.59955 20.58688 20.574211 20.561541 20.548871 20.540053 20.531683 20.523313 20.514944
21.743457 21.713618 21.683778 21.653939 21.6241 21.59426 21.564421 21.534582 21.504742 21.474903 21.445064 21.415224 21.385385 21.355545 21.325706 21.295867 21.266027 21.236188 21.206349 21.176509 21.14667 21.116831 21.086991 21.057152 21.027312 20.998927 20.986257 20.973588 20.960918 20.948249 20.935579 20.92291 20.91024 20.89757 20.884901 20.872231 20.859562 20.846892 20.834223 20.821553 20.808883 20.796214 20.783544 20.770875 20.758205 20.745535 20.732866 20.720196 20.707527 20.694857 20.682188 20.669518 20.656848 20.644179 20.631509 20.61884 20.60617 20.5935 20.580831 20.568161 20.559423 20.551054 20.542684 20.534314 20.525944
21.759049 21.72921 21.699371 21.669531 21.639692 21.609853 21.580013 21.550174 21.520334 21.490495 21.460656 21.430816 21.400977 21.371138 21.341298 21.311459 21.28162 21.25178 21.221941 21.192101 21.162262 21.132423 21.102583 21.072744 21.042905 21.013065 20.992878 20.980208 20.967539 20.954869 20.9422 20.92953 20.91686 20.904191 20.891521 20.878852 20.866182 20.853512 20.840843 20.828173 20.815504 20.802834 20.790165 20.777495 20.764825 20.752156 20.739486 20.726817 20.714147 20.701477 20.688808 20.676138 20.663469 20.650799 20.63813 20.62546 20.61279 20.600121 20.587451 20.578794 20.570424 20.562054 20.553685 20.545315 20.536945
21.774642 21.744802 21.714963 21.685124 21.655284 21.625445 21.595605 21.565766 21.535927 21.506087 21.476248 21.446409 21.416569 21.38673 21.356891 21.327051 21.297212 21.267372 21.237533 21.207694 21.177854 21.148015 21.118176 21.088336 21.058497 21.028657 20.999498 20.986829 20.974159 20.961489 20.94882 20.93615 20.923481 20.910811 20.898142 20.885472 20.872802 20.860133 20.847463 20.834794 20.822124 20.809454 20.796785 20.784115 20.771446 20.758776 20.746107 20.733437 20.720767 20.708098 20.695428 20.682759 20.670089 20.65742 20.64475 20.63208 20.619411 20.606741 20.598165 20.589795 20.581425 20.573055 20.564685 20.556316 20.547946
21.790234 21.760395 21.730555 21.700716 21.670876 21.641037 21.611198 21.581358 21.551519 21.52168 21.49184 21.462001 21.432161 21.402322 21.372483 21.342643 21.312804 21.282965 21.253125 21.223286 21.193447 21.163607 21.133768 21.103928 21.074089 21.04425 21.01441 20.993449 20.980779 20.96811 20.95544 20.942771 20.930101 20.917431 20.904762 20.892092 20.879423 20.866753 20.854084 20.841414 20.828744 20.816075 20.803405 20.790736 20.778066 20.765397 20.752727 20.740057 20.727388 20.714718 20.702049 20.689379 20.676709 20.66404 20.65137 20.638701 20.626031 20.617535 20.609165 20.600796 20.592426 20.584056 20.575686 20.567316 20.558947
21.792253 21.775987 21.746147 21.716308 21.686469 21.656629 21.62679 21.596951 21.567111 21.537272 21.507432 21.477593 21.447754 21.417914 21.388075 21.358236 21.328396 21.298557 21.268718 21.238878 21.209039 21.179199 21.14936 21.119521 21.089681 21.059842 21.030003 21.000163 20.9874 20.97473 20.962061 20.949391 20.936721 20.924052 20.911382 20.898713 20.886043 20.873373 20.860704 20.848034 20.835365 20.822695 20.810026 20.797356 20.784686 20.772017 20.759347 20.746678 20.734008 20.721339 20.708669 20.695999 20.68333 20.67066 20.657991 20.645321 20.636906 20.628536 20.620166 20.611796 20.603426 20.595057 20.586687 20.578317 20.569947
21.804897 21.773106 21.748748 21.7319 21.702061 21.672222 21.642382 21.612543 21.582703 21.552864 21.523025 21.493185 21.463346 21.433507 21.403667 21.373828 21.343988 21.314149 21.28431 21.25447 21.224631 21.194792 21.164952 21.135113 21.105274 21.075434 21.045595 21.015755 20.99402 20.98135 20.968681 20.956011 20.943342 20.930672 20.918003 20.905333 20.892663 20.879994 20.867324 20.854655 20.841985 20.829316 20.816646 20.803976 20.791307 20.778637 20.765968 20.753298 20.740628 20.727959 20.715289 20.70262 20.68995 20.677281 20.664646 20.656276 20.647906 20.639537 20.631167 20.622797 20.614427 20.606057 20.597688 20.589318 20.580948
21.8256 21.793809 21.762018 21.730227 21.705244 21.687814 21.657974 21.628135 21.598296 21.568456 21.538617 21.508778 21.478938 21.449099 21.419259 21.38942 21.359581 21.329741 21.299902 21.270063 21.240223 21.210384 21.180544 21.150705 21.120866 21.091026 21.061187 21.031348 21.001508 20.987971 20.975301 20.962632 20.949962 20.937293 20.924623 20.911953 20.899284 20.886614 20.873945 20.861275 20.848605 20.835936 20.823266 20.810597 20.797927 20.785258 20.772588 20.759918 20.747249 20.734579 20.72191 20.70924 20.69657 20.684016 20.675647 20.667277 20.658907 20.650537 20.642168 20.633798 20.625428 20.617058 20.608688 20.600319 20.591949
21.846303 21.814512 21.782721 21.75093 21.719139 21.687348 21.661739 21.643727 21.613888 21.584048 21.554209 21.52437 21.49453 21.464691 21.434852 21.405012 21.375173 21.345334 21.315494 21.285655 21.255815 21.225976 21.196137 21.166297 21.136458 21.106619 21.076779 21.04694 21.017101 20.994591 20.981922 20.969252 20.956582 20.943913 20.931243 20.918574 20.905904 20.893235 20.880565 20.867895 20.855226 20.842556 20.829887 20.817217 20.804547 20.791878 20.779208 20.766539 20.753869 20.7412 20.72853 20.71586 20.703387 20.695017 20.686647 20.678278 20.669908 20.661538 20.653168 20.644799 20.636429 20.628059 20.619689 20.611319 20.60295
21.867006 21.835215 21.803424 21.771633 21.739842 21.708051 21.67626 21.644469 21.618235 21.599641 21.569801 21.539962 21.510123 21.480283 21.450444 21.420605 21.390765 21.360926 21.331086 21.301247 21.271408 21.241568 21.211729 21.18189 21.15205 21.122211 21.092371 21.062532 21.032693 21.002853 20.988542 20.975872 20.963203 20.950533 20.937864 20.925194 20.912524 20.899855 20.887185 20.874516 20.861846 20.849177 20.836507 20.823837 20.811168 20.798498 20.785829 20.773159 20.76049 20.74782 20.73515 20.722758 20.714388 20.706018 20.697648 20.689278 20.680909 20.672539 20.664169 20.655799 20.647429 20.63906 20.63069 20.62232 20.61395
21.88771 21.855919 21.824128 21.792337 21.760546 21.728755 21.696964 21.665173 21.633382 21.601591 21.57473 21.555554 21.525715 21.495875 21.466036 21.436197 21.406357 21.376518 21.346679 21.316839 21.287 21.257161 21.227321 21.197482 21.167642 21.137803 21.107964 21.078124 21.048285 21.018446 20.995162 20.982493 20.969823 20.957154 20.944484 20.931814 20.919145 20.906475 20.893806 20.881136 20.868466 20.855797 20.843127 20.830458 20.817788 20.805119 20.792449 20.779779 20.76711 20.75444 20.742128 20.733758 20.725388 20.717019 20.708649 20.700279 20.691909 20.68354 20.67517 20.6668 20.65843 20.65006 20.641691 20.633321 20.624951
21.908413 21.876622 21.844831 21.81304 21.781249 21.749458 21.717667 21.685876 21.654085 21.622294 21.590503 21.558712 21.531226 21.511468 21.481628 21.451789 21.42195 21.39211 21.362271 21.332432 21.302592 21.272753 21.242913 21.213074 21.183235 21.153395 21.123556 21.093717 21.063877 21.034038 21.004198 20.989113 20.976443 20.963774 20.951104 20.938435 20.925765 20.913096 20.900426 20.887756 20.875087 20.862417 20.849748 20.837078 20.824409 20.811739 20.799069 20.7864 20.77373 20.761499 20.753129 20.744759 20.736389 20.728019 20.71965 20.71128 20.70291 20.69454 20.686171 20.677801 20.669431 20.661061 20.652691 20.644322 20.635952
21.929116 21.897325 21.865534 21.833743 21.801952 21.770161 21.73837 21.706579 21.674788 21.642997 21.611206 21.579415 21.547624 21.515833 21.487722 21.467381 21.437542 21.407702 21.377863 21.348024 21.318184 21.288345 21.258506 21.228666 21.198827 21.168988 21.139148 21.109309 21.079469 21.04963 21.019791 20.995733 20.983064 20.970394 20.957725 20.945055 20.932386 20.919716 20.907046 20.894377 20.881707 20.869038 20.856368 20.843698 20.831029 20.818359 20.80569 20.79302 20.780869 20.772499 20.76413 20.75576 20.74739 20.73902 20.73065 20.722281 20.713911 20.705541 20.697171 20.688802 20.680432 20.672062 20.663692 20.655322 20.646953
21.949819 21.918028 21.886237 21.854446 21.822655 21.790864 21.759073 21.727282 21.695491 21.6637 21.631909 21.600118 21.568327 21.536536 21.504745 21.472954 21.444217 21.423295 21.393455 21.363616 21.333777 21.303937 21.274098 21.244258 21.214419 21.18458 21.15474 21.124901 21.095062 21.065222 21.035383 21.005544 20.989684 20.977015 20.964345 20.951675 20.939006 20.926336 20.913667 20.900997 20.888328 20.875658 20.862988 20.850319 20.837649 20.82498 20.81231 20.80024 20.79187 20.7835 20.77513 20.766761 20.758391 20.750021 20.741651 20.733281 20.724912 20.716542 20.708172 20.699802 20.691433 20.683063 20.674693 20.666323 20.657953
