test/data/cas1/cas2Mnt.asc
NCOLS 524
NROWS 502
XLLCORNER 424162
YLLCORNER 242575
CELLSIZE 10
NODATA_VALUE -9999
[rows 319 to 347 of 502, columns 325 to 389 of 524]
20.129667 20.184596 20.239525 20.294453 20.347698 20.395588 20.443478 20.491368 20.539259 20.587149 20.635039 20.682929 20.730819 20.778709 20.8266 20.87449 20.92238 20.97027 21.01816 21.066051 21.113941 21.161831 21.209721 21.257611 21.305502 21.353392 21.401282 21.449172 21.497062 21.544953 21.592843 21.640733 21.688623 21.736513 21.784404 21.832294 21.880184 21.928074 21.975964 22.023855 22.071745 22.119635 22.167525 22.215415 22.263305 22.311196 22.19226 21.92397 21.65568 21.38739 21.119099 20.850809 20.582519 20.314229 20.045939 19.777649 19.509358 19.241068 18.972778 18.704488 18.436198 18.167907 17.899617 17.631327 17.363037
20.132855 20.187784 20.236085 20.283976 20.331866 20.379756 20.427646 20.475536 20.523427 20.571317 20.619207 20.667097 20.714987 20.762878 20.810768 20.858658 20.906548 20.954438 21.002329 21.050219 21.098109 21.145999 21.193889 21.241779 21.28967 21.33756 21.38545 21.43334 21.48123 21.529121 21.577011 21.624901 21.672791 21.720681 21.768572 21.816462 21.864352 21.912242 21.960132 22.008023 22.055913 22.103803 22.151693 22.199583 22.247474 22.295364 22.041136 21.772846 21.504555 21.236265 20.967975 20.699685 20.431395 20.163104 19.894814 19.626524 19.358234 19.089944 18.821653 18.553363 18.285073 18.016783 17.748493 17.480202 17.211912
20.124473 20.172363 20.220253 20.268144 20.316034 20.363924 20.411814 20.459704 20.507595 20.555485 20.603375 20.651265 20.699155 20.747046 20.794936 20.842826 20.890716 20.938606 20.986497 21.034387 21.082277 21.130167 21.178057 21.225948 21.273838 21.321728 21.369618 21.417508 21.465398 21.513289 21.561179 21.609069 21.656959 21.704849 21.75274 21.80063 21.84852 21.89641 21.9443 21.992191 22.040081 22.087971 22.135861 22.183751 22.231642 22.158301 21.890011 21.621721 21.353431 21.085141 20.81685 20.54856 20.28027 20.01198 19.74369 19.475399 19.207109 18.938819 18.670529 18.402239 18.133949 17.865658 17.597368 17.329078 17.060788
20.108641 20.156531 20.204422 20.252312 20.300202 20.348092 20.395982 20.443872 20.491763 20.539653 20.587543 20.635433 20.683323 20.731214 20.779104 20.826994 20.874884 20.922774 20.970665 21.018555 21.066445 21.114335 21.162225 21.210116 21.258006 21.305896 21.353786 21.401676 21.449567 21.497457 21.545347 21.593237 21.641127 21.689018 21.736908 21.784798 21.832688 21.880578 21.928468 21.976359 22.024249 22.072139 22.120029 22.167919 22.21581 22.007177 21.738887 21.470596 21.202306 20.934016 20.665726 20.397436 20.129145 19.860855 19.592565 19.324275 19.055985 18.787695 18.519404 18.251114 17.982824 17.714534 17.446244 17.177953 17.098292
20.092809 20.140699 20.18859 20.23648 20.28437 20.33226 20.38015 20.428041 20.475931 20.523821 20.571711 20.619601 20.667492 20.715382 20.763272 20.811162 20.859052 20.906942 20.954833 21.002723 21.050613 21.098503 21.146393 21.194284 21.242174 21.290064 21.337954 21.385844 21.433735 21.481625 21.529515 21.577405 21.625295 21.673186 21.721076 21.768966 21.816856 21.864746 21.912637 21.960527 22.008417 22.056307 22.104197 22.152087 22.124342 21.856052 21.587762 21.319472 21.051182 20.782892 20.514601 20.246311 19.978021 19.709731 19.441441 19.17315 18.90486 18.63657 18.36828 18.09999 17.831699 17.563409 17.295119 17.213635 17.189863
20.076977 20.124867 20.172758 20.220648 20.268538 20.316428 20.364318 20.412209 20.460099 20.507989 20.555879 20.603769 20.65166 20.69955 20.74744 20.79533 20.84322 20.891111 20.939001 20.986891 21.034781 21.082671 21.130561 21.178452 21.226342 21.274232 21.322122 21.370012 21.417903 21.465793 21.513683 21.561573 21.609463 21.657354 21.705244 21.753134 21.801024 21.848914 21.896805 21.944695 21.992585 22.040475 22.088365 22.136256 21.973218 21.704928 21.436638 21.168347 20.900057 20.631767 20.363477 20.095187 19.826896 19.558606 19.290316 19.022026 18.753736 18.485445 18.217155 17.948865 17.680575 17.412285 17.328977 17.305205 17.281433
20.061145 20.109035 20.156926 20.204816 20.252706 20.300596 20.348486 20.396377 20.444267 20.492157 20.540047 20.587937 20.635828 20.683718 20.731608 20.779498 20.827388 20.875279 20.923169 20.971059 21.018949 21.066839 21.11473 21.16262 21.21051 21.2584 21.30629 21.354181 21.402071 21.449961 21.497851 21.545741 21.593631 21.641522 21.689412 21.737302 21.785192 21.833082 21.880973 21.928863 21.976753 22.024643 22.072533 22.090384 21.822093 21.553803 21.285513 21.017223 20.748933 20.480642 20.212352 19.944062 19.675772 19.407482 19.139192 18.870901 18.602611 18.334321 18.066031 17.797741 17.52945 17.44432 17.420547 17.396775 17.373003
20.045313 20.093204 20.141094 20.188984 20.236874 20.284764 20.332655 20.380545 20.428435 20.476325 20.524215 20.572105 20.619996 20.667886 20.715776 20.763666 20.811556 20.859447 20.907337 20.955227 21.003117 21.051007 21.098898 21.146788 21.194678 21.242568 21.290458 21.338349 21.386239 21.434129 21.482019 21.529909 21.5778 21.62569 21.67358 21.72147 21.76936 21.81725 21.865141 21.913031 21.960921 22.008811 22.056701 21.939259 21.670969 21.402679 21.134388 20.866098 20.597808 20.329518 20.061228 19.792938 19.524647 19.256357 18.988067 18.719777 18.451487 18.183196 17.914906 17.646616 17.559662 17.53589 17.512117 17.488345 17.402674
20.029481 20.077372 20.125262 20.173152 20.221042 20.268932 20.316823 20.364713 20.412603 20.460493 20.508383 20.556274 20.604164 20.652054 20.699944 20.747834 20.795724 20.843615 20.891505 20.939395 20.987285 21.035175 21.083066 21.130956 21.178846 21.226736 21.274626 21.322517 21.370407 21.418297 21.466187 21.514077 21.561968 21.609858 21.657748 21.705638 21.753528 21.801419 21.849309 21.897199 21.945089 21.992979 22.04087 21.788135 21.519844 21.251554 20.983264 20.714974 20.446684 20.178393 19.910103 19.641813 19.373523 19.105233 18.836942 18.568652 18.300362 18.032072 17.763782 17.675004 17.651232 17.62746 17.603687 17.508329 17.407167
20.013649 20.06154 20.10943 20.15732 20.20521 20.2531 20.300991 20.348881 20.396771 20.444661 20.492551 20.540442 20.588332 20.636222 20.684112 20.732002 20.779893 20.827783 20.875673 20.923563 20.971453 21.019344 21.067234 21.115124 21.163014 21.210904 21.258794 21.306685 21.354575 21.402465 21.450355 21.498245 21.546136 21.594026 21.641916 21.689806 21.737696 21.785587 21.833477 21.881367 21.929257 21.977147 21.9053 21.63701 21.36872 21.10043 20.832139 20.563849 20.295559 20.027269 19.758979 19.490688 19.222398 18.954108 18.685818 18.417528 18.149238 17.880947 17.790347 17.766575 17.742802 17.715146 17.613984 17.512822 17.41166
19.997818 20.045708 20.093598 20.141488 20.189378 20.237268 20.285159 20.333049 20.380939 20.428829 20.476719 20.52461 20.5725 20.62039 20.66828 20.71617 20.764061 20.811951 20.859841 20.907731 20.955621 21.003512 21.051402 21.099292 21.147182 21.195072 21.242963 21.290853 21.338743 21.386633 21.434523 21.482413 21.530304 21.578194 21.626084 21.673974 21.721864 21.769755 21.817645 21.865535 21.913425 21.961315 21.754176 21.485885 21.217595 20.949305 20.681015 20.412725 20.144435 19.876144 19.607854 19.339564 19.071274 18.802984 18.534693 18.266403 17.998113 17.905689 17.881917 17.858145 17.820802 17.71964 17.618478 17.517316 17.416154
19.981986 20.029876 20.077766 20.125656 20.173546 20.221437 20.269327 20.317217 20.365107 20.412997 20.460887 20.508778 20.556668 20.604558 20.652448 20.700338 20.748229 20.796119 20.844009 20.891899 20.939789 20.98768 21.03557 21.08346 21.13135 21.17924 21.227131 21.275021 21.322911 21.370801 21.418691 21.466582 21.514472 21.562362 21.610252 21.658142 21.706033 21.753923 21.801813 21.849703 21.897593 21.871341 21.603051 21.334761 21.066471 20.798181 20.52989 20.2616 19.99331 19.72502 19.45673 19.188439 18.920149 18.651859 18.383569 18.115279 18.021032 17.997259 17.973487 17.926457 17.825295 17.724133 17.622971 17.521809 17.420647
19.966154 20.014044 20.061934 20.109824 20.157714 20.205605 20.253495 20.301385 20.349275 20.397165 20.445056 20.492946 20.540836 20.588726 20.636616 20.684507 20.732397 20.780287 20.828177 20.876067 20.923957 20.971848 21.019738 21.067628 21.115518 21.163408 21.211299 21.259189 21.307079 21.354969 21.402859 21.45075 21.49864 21.54653 21.59442 21.64231 21.690201 21.738091 21.785981 21.833871 21.881761 21.720217 21.451927 21.183636 20.915346 20.647056 20.378766 20.110476 19.842185 19.573895 19.305605 19.037315 18.769025 18.500734 18.232444 18.136374 18.112602 18.088829 18.032112 17.93095 17.829788 17.728626 17.627464 17.526302 17.42514
19.950322 19.998212 20.046102 20.093992 20.141882 20.189773 20.237663 20.285553 20.333443 20.381333 20.429224 20.477114 20.525004 20.572894 20.620784 20.668675 20.716565 20.764455 20.812345 20.860235 20.908126 20.956016 21.003906 21.051796 21.099686 21.147576 21.195467 21.243357 21.291247 21.339137 21.387027 21.434918 21.482808 21.530698 21.578588 21.626478 21.674369 21.722259 21.770149 21.818039 21.837382 21.569092 21.300802 21.032512 20.764222 20.495931 20.227641 19.959351 19.691061 19.422771 19.154481 18.88619 18.6179 18.34961 18.251717 18.227944 18.204172 18.137767 18.036605 17.935443 17.834281 17.733119 17.631957 17.530795 17.429633
19.93449 19.98238 20.03027 20.07816 20.12605 20.173941 20.221831 20.269721 20.317611 20.365501 20.413392 20.461282 20.509172 20.557062 20.604952 20.652843 20.700733 20.748623 20.796513 20.844403 20.892294 20.940184 20.988074 21.035964 21.083854 21.131745 21.179635 21.227525 21.275415 21.323305 21.371196 21.419086 21.466976 21.514866 21.562756 21.610646 21.658537 21.706427 21.754317 21.802207 21.686258 21.417968 21.149678 20.881387 20.613097 20.344807 20.076517 19.808227 19.539936 19.271646 19.003356 18.735066 18.466776 18.367059 18.343287 18.319514 18.243423 18.142261 18.041099 17.939937 17.838775 17.737613 17.636451 17.535289 17.434127
19.918658 19.966548 20.014438 20.062328 20.110219 20.158109 20.205999 20.253889 20.301779 20.34967 20.39756 20.44545 20.49334 20.54123 20.58912 20.637011 20.684901 20.732791 20.780681 20.828571 20.876462 20.924352 20.972242 21.020132 21.068022 21.115913 21.163803 21.211693 21.259583 21.307473 21.355364 21.403254 21.451144 21.499034 21.546924 21.594815 21.642705 21.690595 21.738485 21.786375 21.535133 21.266843 20.998553 20.730263 20.461973 20.193682 19.925392 19.657102 19.388812 19.120522 18.852231 18.583941 18.482401 18.458629 18.434857 18.349078 18.247916 18.146754 18.045592 17.94443 17.843268 17.742106 17.640944 17.539782 17.43862
19.902826 19.950716 19.998606 20.046496 20.094387 20.142277 20.190167 20.238057 20.285947 20.333838 20.381728 20.429618 20.477508 20.525398 20.573289 20.621179 20.669069 20.716959 20.764849 20.812739 20.86063 20.90852 20.95641 21.0043 21.05219 21.100081 21.147971 21.195861 21.243751 21.291641 21.339532 21.387422 21.435312 21.483202 21.531092 21.578983 21.626873 21.674763 21.722653 21.652299 21.384009 21.115719 20.847428 20.579138 20.310848 20.042558 19.774268 19.505977 19.237687 18.969397 18.701107 18.597744 18.573971 18.550199 18.454733 18.353571 18.252409 18.151247 18.050085 17.948923 17.847761 17.746599 17.645437 17.544275 17.443113
19.886994 19.934884 19.982774 20.030664 20.078555 20.126445 20.174335 20.222225 20.270115 20.318006 20.365896 20.413786 20.461676 20.509566 20.557457 20.605347 20.653237 20.701127 20.749017 20.796908 20.844798 20.892688 20.940578 20.988468 21.036359 21.084249 21.132139 21.180029 21.227919 21.275809 21.3237 21.37159 21.41948 21.46737 21.51526 21.563151 21.611041 21.658931 21.706821 21.501174 21.232884 20.964594 20.696304 20.428014 20.159724 19.891433 19.623143 19.354853 19.086563 18.818273 18.713086 18.689314 18.66155 18.560388 18.459226 18.358064 18.256902 18.15574 18.054578 17.953416 17.852254 17.751092 17.64993 17.548768 17.447606
19.871162 19.919052 19.966942 20.014833 20.062723 20.110613 20.158503 20.206393 20.254283 20.302174 20.350064 20.397954 20.445844 20.493734 20.541625 20.589515 20.637405 20.685295 20.733185 20.781076 20.828966 20.876856 20.924746 20.972636 21.020527 21.068417 21.116307 21.164197 21.212087 21.259978 21.307868 21.355758 21.403648 21.451538 21.499428 21.547319 21.595209 21.643099 21.61834 21.35005 21.08176 20.81347 20.545179 20.276889 20.008599 19.740309 19.472019 19.203728 18.935438 18.828429 18.804656 18.767206 18.666044 18.564882 18.46372 18.362558 18.261396 18.160234 18.059072 17.95791 17.856748 17.755586 17.654424 17.553262 17.4521
19.85533 19.90322 19.95111 19.999001 20.046891 20.094781 20.142671 20.190561 20.238452 20.286342 20.334232 20.382122 20.430012 20.477902 20.525793 20.573683 20.621573 20.669463 20.717353 20.765244 20.813134 20.861024 20.908914 20.956804 21.004695 21.052585 21.100475 21.148365 21.196255 21.244146 21.292036 21.339926 21.387816 21.435706 21.483597 21.531487 21.579377 21.627267 21.467216 21.198925 20.930635 20.662345 20.394055 20.125765 19.857474 19.589184 19.320894 19.052604 18.943771 18.919999 18.872861 18.771699 18.670537 18.569375 18.468213 18.367051 18.265889 18.164727 18.063565 17.962403 17.861241 17.760079 17.658917 17.557755 17.456593
19.839498 19.887388 19.935278 19.983169 20.031059 20.078949 20.126839 20.174729 20.22262 20.27051 20.3184 20.36629 20.41418 20.462071 20.509961 20.557851 20.605741 20.653631 20.701522 20.749412 20.797302 20.845192 20.893082 20.940972 20.988863 21.036753 21.084643 21.132533 21.180423 21.228314 21.276204 21.324094 21.371984 21.419874 21.467765 21.515655 21.563545 21.584381 21.316091 21.047801 20.779511 20.51122 20.24293 19.97464 19.70635 19.43806 19.16977 19.059113 19.035341 18.978516 18.877354 18.776192 18.67503 18.573868 18.472706 18.371544 18.270382 18.16922 18.068058 17.966896 17.865734 17.764572 17.66341 17.562248 17.461086
19.831412 19.871556 19.919446 19.967337 20.015227 20.063117 20.111007 20.158897 20.206788 20.254678 20.302568 20.350458 20.398348 20.446239 20.494129 20.542019 20.589909 20.637799 20.68569 20.73358 20.78147 20.82936 20.87725 20.925141 20.973031 21.020921 21.068811 21.116701 21.164591 21.212482 21.260372 21.308262 21.356152 21.404042 21.451933 21.499823 21.547713 21.433257 21.164967 20.896676 20.628386 20.360096 20.091806 19.823516 19.555225 19.286935 19.174456 19.150683 19.084171 18.983009 18.881847 18.780685 18.679523 18.578361 18.477199 18.376037 18.274875 18.173713 18.072551 17.971389 17.870227 17.769065 17.667903 17.566742 17.46558
19.835807 19.872753 19.909698 19.951505 19.999395 20.047285 20.095175 20.143065 20.190956 20.238846 20.286736 20.334626 20.382516 20.430407 20.478297 20.526187 20.574077 20.621967 20.669858 20.717748 20.765638 20.813528 20.861418 20.909309 20.957199 21.005089 21.052979 21.100869 21.14876 21.19665 21.24454 21.29243 21.34032 21.38821 21.436101 21.483991 21.531881 21.282132 21.013842 20.745552 20.477262 20.208971 19.940681 19.672391 19.404101 19.289798 19.266026 19.189827 19.088665 18.987503 18.886341 18.785179 18.684017 18.582855 18.481693 18.380531 18.279369 18.178207 18.077045 17.975883 17.874721 17.773559 17.672397 17.571235 17.470073
19.840203 19.877148 19.914093 19.951039 19.987984 20.031453 20.079343 20.127234 20.175124 20.223014 20.270904 20.318794 20.366685 20.414575 20.462465 20.510355 20.558245 20.606135 20.654026 20.701916 20.749806 20.797696 20.845586 20.893477 20.941367 20.989257 21.037147 21.085037 21.132928 21.180818 21.228708 21.276598 21.324488 21.372379 21.420269 21.468159 21.399298 21.131008 20.862717 20.594427 20.326137 20.057847 19.789557 19.521267 19.405141 19.381368 19.295482 19.19432 19.093158 18.991996 18.890834 18.789672 18.68851 18.587348 18.486186 18.385024 18.283862 18.1827 18.081538 17.980376 17.879214 17.778052 17.67689 17.575728 17.474566
19.844598 19.881544 19.918489 19.955434 19.992379 20.029325 20.06627 20.111402 20.159292 20.207182 20.255072 20.302962 20.350853 20.398743 20.446633 20.494523 20.542413 20.590304 20.638194 20.686084 20.733974 20.781864 20.829754 20.877645 20.925535 20.973425 21.021315 21.069205 21.117096 21.164986 21.212876 21.260766 21.308656 21.356547 21.404437 21.452327 21.248173 20.979883 20.711593 20.443303 20.175013 19.906722 19.638432 19.520483 19.496711 19.401137 19.299975 19.198813 19.097651 18.996489 18.895327 18.794165 18.693003 18.591841 18.490679 18.389517 18.288355 18.187193 18.086031 17.984869 17.883707 17.782545 17.681383 17.580221 17.479059
19.848994 19.885939 19.922884 19.95983 19.996775 20.03372 20.070665 20.107611 20.144556 20.19135 20.23924 20.28713 20.335021 20.382911 20.430801 20.478691 20.526581 20.574472 20.622362 20.670252 20.718142 20.766032 20.813923 20.861813 20.909703 20.957593 21.005483 21.053373 21.101264 21.149154 21.197044 21.244934 21.292824 21.340715 21.388605 21.365339 21.097049 20.828759 20.560468 20.292178 20.023888 19.755598 19.635825 19.607954 19.506792 19.40563 19.304468 19.203306 19.102144 19.000982 18.89982 18.798658 18.697496 18.596334 18.495172 18.39401 18.292848 18.191686 18.090524 17.989362 17.8882 17.787039 17.685877 17.584715 17.483553
19.853389 19.890335 19.92728 19.964225 20.00117 20.038116 20.075061 20.112006 20.148951 20.185897 20.223408 20.271298 20.319189 20.367079 20.414969 20.462859 20.510749 20.55864 20.60653 20.65442 20.70231 20.7502 20.798091 20.845981 20.893871 20.941761 20.989651 21.037542 21.085432 21.133322 21.181212 21.229102 21.276993 21.324883 21.372773 21.214214 20.945924 20.677634 20.409344 20.141054 19.872763 19.751168 19.71361 19.612448 19.511286 19.410124 19.308962 19.2078 19.106638 19.005476 18.904314 18.803152 18.70199 18.600828 18.499666 18.398504 18.297342 18.19618 18.095018 17.993856 17.892694 17.791532 17.69037 17.589208 17.488046
19.857785 19.89473 19.931676 19.968621 20.005566 20.042511 20.079456 20.116402 20.153347 20.190292 20.227237 20.264183 20.303357 20.351247 20.399137 20.447027 20.494917 20.542808 20.590698 20.638588 20.686478 20.734368 20.782259 20.830149 20.878039 20.925929 20.973819 21.02171 21.0696 21.11749 21.16538 21.21327 21.261161 21.309051 21.33138 21.06309 20.7948 20.52651 20.258219 19.989929 19.86651 19.819265 19.718103 19.616941 19.515779 19.414617 19.313455 19.212293 19.111131 19.009969 18.908807 18.807645 18.706483 18.605321 18.504159 18.402997 18.301835 18.200673 18.099511 17.998349 17.897187 17.796025 17.694863 17.593701 17.492539
19.862181 19.899126 19.936071 19.973016 20.009962 20.046907 20.083852 20.120797 20.157742 20.194688 20.231633 20.268578 20.305523 20.342469 20.383305 20.431195 20.479086 20.526976 20.574866 20.622756 20.670646 20.718536 20.766427 20.814317 20.862207 20.910097 20.957987 21.005878 21.053768 21.101658 21.149548 21.197438 21.245329 21.293219 21.180256 20.911965 20.643675 20.375385 20.107095 19.981853 19.92492 19.823758 19.722596 19.621434 19.520272 19.41911 19.317948 19.216786 19.115624 19.014462 18.9133 18.812138 18.710976 18.609814 18.508652 18.40749 18.306328 18.205166 18.104004 18.002842 17.90168 17.800518 17.699356 17.598194 17.497032
